[0, 0, 0] [0, 0, 0, 0] n (0.552991452991453, 0.4791318864774624)
[0, 0, 0] [1, 0, 1, 0] n (0.5692307692307692, 0.5592654424040067)
[0, 0, 0] [2, 0, 2, 0] n (0.5641025641025641, 0.5575959933222037)
[0, 0, 0] [0, 0, 0, 0] c (0.5769230769230769, 0.5601001669449082)
[0, 0, 0] [1, 0, 1, 0] c (0.564957264957265, 0.5667779632721202)
[0, 0, 0] [2, 0, 2, 0] c (0.558974358974359, 0.5400667779632721)
[0, 0, 0] [0, 0, 0, 0] t (0.49914529914529915, 0.48998330550918195)
[0, 0, 0] [1, 0, 1, 0] t (0.5572649572649573, 0.5392320534223706)
[0, 0, 0] [2, 0, 2, 0] t (0.5641025641025641, 0.5400667779632721)
[0, 0, 0] [0, 0, 0, 0] ct (0.5495726495726496, 0.5409015025041736)
[0, 0, 0] [1, 0, 1, 0] ct (0.5683760683760684, 0.5484140233722872)
[0, 0, 0] [2, 0, 2, 0] ct (0.5632478632478632, 0.5417362270450752)
[0, 0, 1] [0, 0, 0, 0] n (0.5794871794871795, 0.5400667779632721)
[0, 0, 1] [1, 0, 1, 0] n (0.5623931623931624, 0.5684474123539232)
[0, 0, 1] [2, 0, 2, 0] n (0.5512820512820513, 0.5342237061769616)
[0, 0, 1] [0, 0, 0, 0] c (0.5846153846153846, 0.5734557595993323)
[0, 0, 1] [1, 0, 1, 0] c (0.5811965811965812, 0.5601001669449082)
[0, 0, 1] [2, 0, 2, 0] c (0.5512820512820513, 0.5342237061769616)
[0, 0, 1] [0, 0, 0, 0] t (0.5307692307692308, 0.5258764607679466)
[0, 0, 1] [1, 0, 1, 0] t (0.5555555555555556, 0.5333889816360601)
[0, 0, 1] [2, 0, 2, 0] t (0.5598290598290598, 0.5191986644407346)
[0, 0, 1] [0, 0, 0, 0] ct (0.5572649572649573, 0.5534223706176962)
[0, 0, 1] [1, 0, 1, 0] ct (0.5632478632478632, 0.5442404006677797)
[0, 0, 1] [2, 0, 2, 0] ct (0.5547008547008547, 0.5283806343906511)
[0, 0, 2] [0, 0, 0, 0] n (0.5752136752136752, 0.5534223706176962)
[0, 0, 2] [1, 0, 1, 0] n (0.5581196581196581, 0.5367278797996661)
[0, 0, 2] [2, 0, 2, 0] n (0.5358974358974359, 0.5350584307178631)
[0, 0, 2] [0, 0, 0, 0] c (0.5923076923076923, 0.5659432387312187)
[0, 0, 2] [1, 0, 1, 0] c (0.5555555555555556, 0.5484140233722872)
[0, 0, 2] [2, 0, 2, 0] c (0.5435897435897435, 0.5459098497495827)
[0, 0, 2] [0, 0, 0, 0] t (0.5521367521367522, 0.5317195325542571)
[0, 0, 2] [1, 0, 1, 0] t (0.5461538461538461, 0.5166944908180301)
[0, 0, 2] [2, 0, 2, 0] t (0.5427350427350427, 0.5233722871452421)
[0, 0, 2] [0, 0, 0, 0] ct (0.5717948717948718, 0.5425709515859767)
[0, 0, 2] [1, 0, 1, 0] ct (0.5470085470085471, 0.5208681135225376)
[0, 0, 2] [2, 0, 2, 0] ct (0.5401709401709401, 0.5275459098497496)
[0, 1, 0] [2, 0, 2, 0] n (0.5623931623931624, 0.5542570951585977)
[0, 1, 0] [0, 0, 0, 0] c (0.5615384615384615, 0.5517529215358932)
[0, 1, 0] [1, 0, 1, 0] c (0.5632478632478632, 0.5592654424040067)
[0, 1, 0] [2, 0, 2, 0] c (0.5598290598290598, 0.5584307178631052)
[0, 1, 0] [0, 0, 0, 0] t (0.5632478632478632, 0.5492487479131887)
[0, 1, 0] [1, 0, 1, 0] t (0.5564102564102564, 0.5601001669449082)
[0, 1, 0] [2, 0, 2, 0] t (0.552991452991453, 0.5367278797996661)
[0, 1, 0] [0, 0, 0, 0] ct (0.5581196581196581, 0.5400667779632721)
[0, 1, 0] [1, 0, 1, 0] ct (0.5521367521367522, 0.5450751252086812)
[0, 1, 0] [2, 0, 2, 0] ct (0.5461538461538461, 0.5250417362270451)
[0, 1, 1] [2, 0, 2, 0] n (0.5632478632478632, 0.5375626043405676)
[0, 1, 1] [0, 0, 0, 0] c (0.5615384615384615, 0.5542570951585977)
[0, 1, 1] [1, 0, 1, 0] c (0.5666666666666667, 0.5500834724540902)
[0, 1, 1] [2, 0, 2, 0] c (0.552991452991453, 0.5392320534223706)
[0, 1, 1] [0, 0, 0, 0] t (0.5598290598290598, 0.5475792988313857)
[0, 1, 1] [1, 0, 1, 0] t (0.5581196581196581, 0.5400667779632721)
[0, 1, 1] [2, 0, 2, 0] t (0.5452991452991452, 0.5267111853088481)
[0, 1, 1] [0, 0, 0, 0] ct (0.5564102564102564, 0.5383973288814691)
[0, 1, 1] [1, 0, 1, 0] ct (0.5487179487179488, 0.5317195325542571)
[0, 1, 1] [2, 0, 2, 0] ct (0.5435897435897435, 0.5267111853088481)
[0, 1, 2] [0, 0, 0, 0] n (0.5641025641025641, 0.5592654424040067)
[0, 1, 2] [1, 0, 1, 0] n (0.5683760683760684, 0.5392320534223706)
[0, 1, 2] [2, 0, 2, 0] n (0.5623931623931624, 0.5317195325542571)
[0, 1, 2] [0, 0, 0, 0] c (0.5735042735042735, 0.5534223706176962)
[0, 1, 2] [1, 0, 1, 0] c (0.5555555555555556, 0.5308848080133556)
[0, 1, 2] [2, 0, 2, 0] c (0.5547008547008547, 0.5267111853088481)
[0, 1, 2] [0, 0, 0, 0] t (0.5683760683760684, 0.5525876460767947)
[0, 1, 2] [1, 0, 1, 0] t (0.5452991452991452, 0.5292153589315526)
[0, 1, 2] [2, 0, 2, 0] t (0.541025641025641, 0.5242070116861436)
[0, 1, 2] [0, 0, 0, 0] ct (0.5401709401709401, 0.5267111853088481)
[0, 1, 2] [1, 0, 1, 0] ct (0.5478632478632479, 0.5225375626043406)
[0, 1, 2] [2, 0, 2, 0] ct (0.5444444444444444, 0.5267111853088481)
[1, 0, 0] [0, 0, 0, 0] n (0.5598290598290598, 0.5409015025041736)
[1, 0, 0] [1, 0, 1, 0] n (0.5735042735042735, 0.5701168614357263)
[1, 0, 0] [2, 0, 2, 0] n (0.5606837606837607, 0.5475792988313857)
[1, 0, 0] [0, 0, 0, 0] c (0.5683760683760684, 0.5500834724540902)
[1, 0, 0] [1, 0, 1, 0] c (0.564957264957265, 0.5550918196994992)
[1, 0, 0] [2, 0, 2, 0] c (0.558974358974359, 0.5417362270450752)
[1, 0, 0] [0, 0, 0, 0] t (0.5367521367521367, 0.5333889816360601)
[1, 0, 0] [1, 0, 1, 0] t (0.558974358974359, 0.5392320534223706)
[1, 0, 0] [2, 0, 2, 0] t (0.5623931623931624, 0.5358931552587646)
[1, 0, 0] [0, 0, 0, 0] ct (0.5606837606837607, 0.5525876460767947)
[1, 0, 0] [1, 0, 1, 0] ct (0.5666666666666667, 0.5442404006677797)
[1, 0, 0] [2, 0, 2, 0] ct (0.564957264957265, 0.5375626043405676)
[1, 0, 1] [0, 0, 0, 0] n (0.5692307692307692, 0.5592654424040067)
[1, 0, 1] [1, 0, 1, 0] n (0.5769230769230769, 0.5709515859766278)
[1, 0, 1] [2, 0, 2, 0] n (0.552991452991453, 0.5267111853088481)
[1, 0, 1] [0, 0, 0, 0] c (0.564957264957265, 0.5667779632721202)
[1, 0, 1] [1, 0, 1, 0] c (0.5692307692307692, 0.5542570951585977)
[1, 0, 1] [2, 0, 2, 0] c (0.5538461538461539, 0.5325542570951586)
[1, 0, 1] [0, 0, 0, 0] t (0.5572649572649573, 0.5392320534223706)
[1, 0, 1] [1, 0, 1, 0] t (0.5564102564102564, 0.5300500834724541)
[1, 0, 1] [2, 0, 2, 0] t (0.5555555555555556, 0.5150250417362271)
[1, 0, 1] [0, 0, 0, 0] ct (0.5683760683760684, 0.5484140233722872)
[1, 0, 1] [1, 0, 1, 0] ct (0.5641025641025641, 0.5442404006677797)
[1, 0, 1] [2, 0, 2, 0] ct (0.5555555555555556, 0.5200333889816361)
[1, 0, 2] [0, 0, 0, 0] n (0.5572649572649573, 0.5634390651085142)
[1, 0, 2] [1, 0, 1, 0] n (0.564957264957265, 0.5500834724540902)
[1, 0, 2] [2, 0, 2, 0] n (0.5299145299145299, 0.5233722871452421)
[1, 0, 2] [0, 0, 0, 0] c (0.5735042735042735, 0.5584307178631052)
[1, 0, 2] [1, 0, 1, 0] c (0.552991452991453, 0.5367278797996661)
[1, 0, 2] [2, 0, 2, 0] c (0.5452991452991452, 0.5300500834724541)
[1, 0, 2] [0, 0, 0, 0] t (0.5538461538461539, 0.5383973288814691)
[1, 0, 2] [1, 0, 1, 0] t (0.5504273504273505, 0.5191986644407346)
[1, 0, 2] [2, 0, 2, 0] t (0.5418803418803418, 0.5208681135225376)
[1, 0, 2] [0, 0, 0, 0] ct (0.564957264957265, 0.5300500834724541)
[1, 0, 2] [1, 0, 1, 0] ct (0.5461538461538461, 0.5258764607679466)
[1, 0, 2] [2, 0, 2, 0] ct (0.5418803418803418, 0.5242070116861436)
[1, 1, 0] [2, 0, 2, 0] n (0.558974358974359, 0.5550918196994992)
[1, 1, 0] [0, 0, 0, 0] c (0.564957264957265, 0.5575959933222037)
[1, 1, 0] [1, 0, 1, 0] c (0.5666666666666667, 0.5592654424040067)
[1, 1, 0] [2, 0, 2, 0] c (0.5487179487179488, 0.5542570951585977)
[1, 1, 0] [0, 0, 0, 0] t (0.5658119658119658, 0.5567612687813022)
[1, 1, 0] [1, 0, 1, 0] t (0.5623931623931624, 0.5592654424040067)
[1, 1, 0] [2, 0, 2, 0] t (0.5495726495726496, 0.5317195325542571)
[1, 1, 0] [0, 0, 0, 0] ct (0.5683760683760684, 0.5609348914858097)
[1, 1, 0] [1, 0, 1, 0] ct (0.5521367521367522, 0.5434056761268782)
[1, 1, 0] [2, 0, 2, 0] ct (0.5487179487179488, 0.5283806343906511)
[1, 1, 1] [2, 0, 2, 0] n (0.5615384615384615, 0.5417362270450752)
[1, 1, 1] [0, 0, 0, 0] c (0.5632478632478632, 0.5592654424040067)
[1, 1, 1] [1, 0, 1, 0] c (0.5666666666666667, 0.5559265442404007)
[1, 1, 1] [2, 0, 2, 0] c (0.5547008547008547, 0.5333889816360601)
[1, 1, 1] [0, 0, 0, 0] t (0.5564102564102564, 0.5601001669449082)
[1, 1, 1] [1, 0, 1, 0] t (0.5538461538461539, 0.5492487479131887)
[1, 1, 1] [2, 0, 2, 0] t (0.5487179487179488, 0.5292153589315526)
[1, 1, 1] [0, 0, 0, 0] ct (0.5521367521367522, 0.5450751252086812)
[1, 1, 1] [1, 0, 1, 0] ct (0.5461538461538461, 0.5283806343906511)
[1, 1, 1] [2, 0, 2, 0] ct (0.541025641025641, 0.5275459098497496)
[1, 1, 2] [0, 0, 0, 0] n (0.5641025641025641, 0.5584307178631052)
[1, 1, 2] [1, 0, 1, 0] n (0.5658119658119658, 0.5375626043405676)
[1, 1, 2] [2, 0, 2, 0] n (0.5658119658119658, 0.5275459098497496)
[1, 1, 2] [0, 0, 0, 0] c (0.5666666666666667, 0.5475792988313857)
[1, 1, 2] [1, 0, 1, 0] c (0.5615384615384615, 0.5358931552587646)
[1, 1, 2] [2, 0, 2, 0] c (0.5495726495726496, 0.5300500834724541)
[1, 1, 2] [0, 0, 0, 0] t (0.5581196581196581, 0.5342237061769616)
[1, 1, 2] [1, 0, 1, 0] t (0.5512820512820513, 0.5233722871452421)
[1, 1, 2] [2, 0, 2, 0] t (0.5367521367521367, 0.5208681135225376)
[1, 1, 2] [0, 0, 0, 0] ct (0.552991452991453, 0.5292153589315526)
[1, 1, 2] [1, 0, 1, 0] ct (0.5427350427350427, 0.5233722871452421)
[1, 1, 2] [2, 0, 2, 0] ct (0.5478632478632479, 0.5242070116861436)
[2, 0, 0] [0, 0, 0, 0] n (0.5606837606837607, 0.5642737896494157)
[2, 0, 0] [1, 0, 1, 0] n (0.5700854700854701, 0.5509181969949917)
[2, 0, 0] [2, 0, 2, 0] n (0.558974358974359, 0.5500834724540902)
[2, 0, 0] [0, 0, 0, 0] c (0.5675213675213675, 0.5667779632721202)
[2, 0, 0] [1, 0, 1, 0] c (0.5598290598290598, 0.5517529215358932)
[2, 0, 0] [2, 0, 2, 0] c (0.5632478632478632, 0.5400667779632721)
[2, 0, 0] [0, 0, 0, 0] t (0.5547008547008547, 0.5409015025041736)
[2, 0, 0] [1, 0, 1, 0] t (0.5683760683760684, 0.5350584307178631)
[2, 0, 0] [2, 0, 2, 0] t (0.5538461538461539, 0.5258764607679466)
[2, 0, 0] [0, 0, 0, 0] ct (0.5623931623931624, 0.5500834724540902)
[2, 0, 0] [1, 0, 1, 0] ct (0.5692307692307692, 0.5375626043405676)
[2, 0, 0] [2, 0, 2, 0] ct (0.5538461538461539, 0.5191986644407346)
[2, 0, 1] [0, 0, 0, 0] n (0.5572649572649573, 0.5559265442404007)
[2, 0, 1] [1, 0, 1, 0] n (0.5615384615384615, 0.5467445742904842)
[2, 0, 1] [2, 0, 2, 0] n (0.5495726495726496, 0.5459098497495827)
[2, 0, 1] [0, 0, 0, 0] c (0.5623931623931624, 0.5609348914858097)
[2, 0, 1] [1, 0, 1, 0] c (0.558974358974359, 0.5383973288814691)
[2, 0, 1] [2, 0, 2, 0] c (0.5512820512820513, 0.5333889816360601)
[2, 0, 1] [0, 0, 0, 0] t (0.5641025641025641, 0.5317195325542571)
[2, 0, 1] [1, 0, 1, 0] t (0.5666666666666667, 0.5375626043405676)
[2, 0, 1] [2, 0, 2, 0] t (0.558974358974359, 0.513355592654424)
[2, 0, 1] [0, 0, 0, 0] ct (0.5606837606837607, 0.5442404006677797)
[2, 0, 1] [1, 0, 1, 0] ct (0.5683760683760684, 0.5317195325542571)
[2, 0, 1] [2, 0, 2, 0] ct (0.5495726495726496, 0.5158597662771286)
[2, 0, 2] [0, 0, 0, 0] n (0.5641025641025641, 0.5575959933222037)
[2, 0, 2] [1, 0, 1, 0] n (0.5547008547008547, 0.5258764607679466)
[2, 0, 2] [2, 0, 2, 0] n (0.5555555555555556, 0.5467445742904842)
[2, 0, 2] [0, 0, 0, 0] c (0.558974358974359, 0.5400667779632721)
[2, 0, 2] [1, 0, 1, 0] c (0.552991452991453, 0.5300500834724541)
[2, 0, 2] [2, 0, 2, 0] c (0.5444444444444444, 0.5409015025041736)
[2, 0, 2] [0, 0, 0, 0] t (0.5641025641025641, 0.5400667779632721)
[2, 0, 2] [1, 0, 1, 0] t (0.5572649572649573, 0.5141903171953256)
[2, 0, 2] [2, 0, 2, 0] t (0.5358974358974359, 0.5267111853088481)
[2, 0, 2] [0, 0, 0, 0] ct (0.5632478632478632, 0.5417362270450752)
[2, 0, 2] [1, 0, 1, 0] ct (0.5512820512820513, 0.5208681135225376)
[2, 0, 2] [2, 0, 2, 0] ct (0.5333333333333333, 0.5308848080133556)
[2, 1, 0] [2, 0, 2, 0] n (0.5606837606837607, 0.5409015025041736)
[2, 1, 0] [0, 0, 0, 0] c (0.558974358974359, 0.5542570951585977)
[2, 1, 0] [1, 0, 1, 0] c (0.5538461538461539, 0.5484140233722872)
[2, 1, 0] [2, 0, 2, 0] c (0.5547008547008547, 0.5392320534223706)
[2, 1, 0] [0, 0, 0, 0] t (0.5581196581196581, 0.5509181969949917)
[2, 1, 0] [1, 0, 1, 0] t (0.5487179487179488, 0.5283806343906511)
[2, 1, 0] [2, 0, 2, 0] t (0.5478632478632479, 0.5258764607679466)
[2, 1, 0] [0, 0, 0, 0] ct (0.5521367521367522, 0.5484140233722872)
[2, 1, 0] [1, 0, 1, 0] ct (0.5461538461538461, 0.5258764607679466)
[2, 1, 0] [2, 0, 2, 0] ct (0.5452991452991452, 0.5267111853088481)
[2, 1, 1] [2, 0, 2, 0] n (0.5632478632478632, 0.5358931552587646)
[2, 1, 1] [0, 0, 0, 0] c (0.5564102564102564, 0.5517529215358932)
[2, 1, 1] [1, 0, 1, 0] c (0.558974358974359, 0.5425709515859767)
[2, 1, 1] [2, 0, 2, 0] c (0.5547008547008547, 0.5375626043405676)
[2, 1, 1] [0, 0, 0, 0] t (0.5581196581196581, 0.5517529215358932)
[2, 1, 1] [1, 0, 1, 0] t (0.5512820512820513, 0.5308848080133556)
[2, 1, 1] [2, 0, 2, 0] t (0.5478632478632479, 0.5267111853088481)
[2, 1, 1] [0, 0, 0, 0] ct (0.5512820512820513, 0.5375626043405676)
[2, 1, 1] [1, 0, 1, 0] ct (0.5504273504273505, 0.5275459098497496)
[2, 1, 1] [2, 0, 2, 0] ct (0.5495726495726496, 0.5242070116861436)
[2, 1, 2] [0, 0, 0, 0] n (0.5623931623931624, 0.5542570951585977)
[2, 1, 2] [1, 0, 1, 0] n (0.5615384615384615, 0.5409015025041736)
[2, 1, 2] [0, 0, 0, 0] c (0.5598290598290598, 0.5584307178631052)
[2, 1, 2] [1, 0, 1, 0] c (0.552991452991453, 0.5409015025041736)
[2, 1, 2] [2, 0, 2, 0] c (0.5504273504273505, 0.5342237061769616)
[2, 1, 2] [0, 0, 0, 0] t (0.552991452991453, 0.5367278797996661)
[2, 1, 2] [1, 0, 1, 0] t (0.5470085470085471, 0.5292153589315526)
[2, 1, 2] [2, 0, 2, 0] t (0.5384615384615384, 0.5275459098497496)
[2, 1, 2] [0, 0, 0, 0] ct (0.5461538461538461, 0.5250417362270451)
[2, 1, 2] [1, 0, 1, 0] ct (0.5427350427350427, 0.5233722871452421)
[2, 1, 2] [2, 0, 2, 0] ct (0.5427350427350427, 0.5217028380634391)